   0.00000000       0.00000000    
   1.00000000       0.00000000    
   1.00000000       0.00000000    
   2.00000000       0.00000000    
   2.00000000       0.00000000    
   3.00000000       0.00000000    
   3.00000000       0.00000000    
   4.00000000       0.00000000    
   4.00000000       0.00000000    
   5.00000000       0.00000000    
   5.00000000       0.00000000    
   6.00000000       0.00000000    
   6.00000000       0.00000000    
   7.00000000       0.00000000    
   7.00000000       0.00000000    
   8.00000000       0.00000000    
   8.00000000       0.00000000    
   9.00000000       0.00000000    
   9.00000000       0.00000000    
   10.0000000       0.00000000    
   10.0000000       0.00000000    
   11.0000000       0.00000000    
   11.0000000       0.00000000    
   12.0000000       0.00000000    
   12.0000000       0.00000000    
   13.0000000       0.00000000    
   13.0000000       0.00000000    
   14.0000000       0.00000000    
   14.0000000       0.00000000    
   15.0000000       0.00000000    
   15.0000000       0.00000000    
   16.0000000       0.00000000    
   16.0000000       0.00000000    
   17.0000000       0.00000000    
   17.0000000       0.00000000    
   18.0000000       0.00000000    
   18.0000000       0.00000000    
   19.0000000       0.00000000    
   19.0000000       1.08978029E-26
   20.0000000      -6.76101482E-27
   20.0000000      -2.44074781E-26
   21.0000000      -1.79186757E-24
   21.0000000      -6.73601637E-23
   22.0000000       9.21450753E-23
   22.0000000       1.27703045E-21
   23.0000000       2.09257954E-21
   23.0000000       5.06995703E-20
   24.0000000      -1.15065205E-19
   24.0000000      -1.19073197E-18
   25.0000000      -2.79217918E-19
   25.0000000      -1.10602038E-17
   26.0000000       4.47743072E-17
   26.0000000       3.64160719E-16
   27.0000000      -1.21621517E-16
   27.0000000       7.25739153E-16
   28.0000000      -8.09084262E-15
   28.0000000      -5.39144907E-14
   29.0000000       3.56180234E-14
   29.0000000       2.85087573E-14
   30.0000000       8.40519928E-13
   30.0000000       4.67381646E-12
   31.0000000      -3.90280560E-12
   31.0000000      -6.05192892E-12
   32.0000000      -5.75501174E-11
   32.0000000      -2.66180272E-10
   33.0000000       2.25740010E-10
   33.0000000       3.00267033E-10
   34.0000000       2.81288370E-09
   34.0000000       1.06290683E-08
   35.0000000      -7.11973769E-09
   35.0000000      -4.03931644E-09
   36.0000000      -1.00256429E-07
   36.0000000      -3.02812936E-07
   37.0000000       8.43132284E-08
   37.0000000      -2.15160767E-07
   38.0000000       2.51724964E-06
   38.0000000       5.93859068E-06
   39.0000000       2.20346419E-06
   39.0000000       1.20996492E-05
   40.0000000      -4.02926489E-05
   40.0000000      -7.07539948E-05
   41.0000000      -1.09012180E-04
   41.0000000      -2.77430110E-04
   42.0000000       3.00798187E-04
   42.0000000       2.84538808E-04
   43.0000000       1.85897294E-03
   43.0000000       3.22618266E-03
   44.0000000       1.32877345E-03
   44.0000000       4.25026333E-03
   45.0000000      -1.21234609E-02
   45.0000000      -1.38412816E-02
   46.0000000      -3.92526947E-02
   46.0000000      -5.67546152E-02
   47.0000000      -2.76458208E-02
   47.0000000      -5.94645627E-02
   48.0000000      0.126790777    
   48.0000000      0.106858984    
   49.0000000      0.464405358    
   49.0000000      0.481095254    
   50.0000000      0.849294603    
   50.0000000      0.888274908    
   51.0000000       1.07069206    
   51.0000000       1.09378839    
   52.0000000       1.07678998    
   52.0000000       1.07285237    
   53.0000000       1.00591743    
   53.0000000      0.996282935    
   54.0000000      0.981311023    
   54.0000000      0.980598032    
   55.0000000      0.996331334    
   55.0000000      0.999072492    
   56.0000000       1.00422359    
   56.0000000       1.00443494    
   57.0000000       1.00064886    
   57.0000000      0.999942422    
   58.0000000      0.999017060    
   58.0000000      0.999059618    
   59.0000000      0.999997199    
   59.0000000       1.00014532    
   60.0000000       1.00017047    
   60.0000000       1.00012946    
   61.0000000      0.999940097    
   61.0000000      0.999921024    
   62.0000000      0.999965608    
   62.0000000      0.999975920    
   63.0000000      0.999996424    
   63.0000000      0.999988496    
   64.0000000      0.999995232    
   64.0000000      0.999989808    
   65.0000000      0.999992549    
   65.0000000      0.999999642    
   66.0000000       1.00001121    
   66.0000000       1.00000942    
   67.0000000       1.00001395    
   67.0000000       1.00000262    
   68.0000000       1.00002289    
   68.0000000       1.00002158    
   69.0000000       1.00002742    
   69.0000000       1.00001359    
   70.0000000       1.00003374    
   70.0000000       1.00002253    
   71.0000000       1.00007141    
   71.0000000       1.00009227    
   72.0000000       1.00014067    
   72.0000000       1.00030279    
   73.0000000      0.999735951    
   73.0000000      0.999755502    
   74.0000000      0.998153269    
   74.0000000      0.996785283    
   75.0000000      0.998678386    
   75.0000000      0.995753348    
   76.0000000       1.01212442    
   76.0000000       1.01384258    
   77.0000000       1.03927755    
   77.0000000       1.05677652    
   78.0000000       1.02766430    
   78.0000000       1.05949080    
   79.0000000      0.873234808    
   79.0000000      0.893167198    
   80.0000000      0.535606265    
   80.0000000      0.518915892    
   81.0000000      0.150702208    
   81.0000000      0.111720756    
   82.0000000      -7.07002431E-02
   82.0000000      -9.38009694E-02
   83.0000000      -7.68055394E-02
   83.0000000      -7.28677511E-02
   84.0000000      -5.93155436E-03
   84.0000000       3.69991758E-03
   85.0000000       1.86688025E-02
   85.0000000       1.93752814E-02
   86.0000000       3.65962507E-03
   86.0000000       9.15158016E-04
   87.0000000      -4.23802109E-03
   87.0000000      -4.44720965E-03
   88.0000000      -6.61542523E-04
   88.0000000       4.30694381E-05
   89.0000000       9.66669410E-04
   89.0000000       9.25701344E-04
   90.0000000      -1.08330951E-05
   90.0000000      -1.60965399E-04
   91.0000000      -1.86964215E-04
   91.0000000      -1.44306890E-04
   92.0000000       4.63949982E-05
   92.0000000       6.54667019E-05
   93.0000000       2.12299583E-05
   93.0000000       7.26670487E-06
   94.0000000      -1.45590820E-05
   94.0000000      -1.35075197E-05
   95.0000000       1.23338009E-06
   95.0000000       3.35177083E-06
   96.0000000       1.94216204E-06
   96.0000000       9.61512569E-07
   97.0000000      -9.26871223E-07
   97.0000000      -8.88279942E-07
   98.0000000       6.82194710E-08
   98.0000000       2.09421927E-07
   99.0000000       1.10165367E-07
   99.0000000       4.33269740E-08
   100.000000      -5.69576422E-08
