   0.00000000       0.00000000    
   1.00000000       0.00000000    
   1.00000000       0.00000000    
   2.00000000       0.00000000    
   2.00000000       0.00000000    
   3.00000000       0.00000000    
   3.00000000       0.00000000    
   4.00000000       0.00000000    
   4.00000000       0.00000000    
   5.00000000       0.00000000    
   5.00000000       0.00000000    
   6.00000000       0.00000000    
   6.00000000       0.00000000    
   7.00000000       0.00000000    
   7.00000000       0.00000000    
   8.00000000       0.00000000    
   8.00000000       0.00000000    
   9.00000000       0.00000000    
   9.00000000       0.00000000    
   10.0000000       0.00000000    
   10.0000000       0.00000000    
   11.0000000       0.00000000    
   11.0000000       0.00000000    
   12.0000000       0.00000000    
   12.0000000       0.00000000    
   13.0000000       0.00000000    
   13.0000000       0.00000000    
   14.0000000       0.00000000    
   14.0000000       0.00000000    
   15.0000000       0.00000000    
   15.0000000       0.00000000    
   16.0000000       0.00000000    
   16.0000000       0.00000000    
   17.0000000       0.00000000    
   17.0000000       0.00000000    
   18.0000000       0.00000000    
   18.0000000       0.00000000    
   19.0000000       0.00000000    
   19.0000000      -1.74269061E-27
   20.0000000      -1.24320367E-27
   20.0000000      -1.50795508E-25
   21.0000000       4.69813656E-25
   21.0000000       1.26615157E-23
   22.0000000      -5.60132500E-24
   22.0000000       4.14643940E-23
   23.0000000      -6.87094163E-22
   23.0000000      -1.07360353E-20
   24.0000000       1.13645310E-20
   24.0000000       6.46589636E-20
   25.0000000       2.52008587E-19
   25.0000000       3.01495546E-18
   26.0000000      -4.91271334E-18
   26.0000000      -2.81764749E-17
   27.0000000      -3.63657185E-17
   27.0000000      -3.83865273E-16
   28.0000000       9.04040806E-16
   28.0000000       4.54906075E-15
   29.0000000       2.20508511E-15
   29.0000000       2.47983566E-14
   30.0000000      -8.76330394E-14
   30.0000000      -3.76319093E-13
   31.0000000      -3.63236154E-14
   31.0000000      -1.30003961E-12
   32.0000000       5.77234614E-12
   32.0000000       2.04024263E-11
   33.0000000       6.69892614E-12
   33.0000000       1.05172225E-10
   34.0000000      -3.48990170E-10
   34.0000000      -8.97435126E-10
   35.0000000      -1.02597730E-09
   35.0000000      -6.23283292E-09
   36.0000000       1.28272815E-08
   36.0000000       2.24055423E-08
   37.0000000       6.80711736E-08
   37.0000000       2.35228015E-07
   38.0000000      -2.10528754E-07
   38.0000000       1.41105954E-08
   39.0000000      -2.49161121E-06
   39.0000000      -5.17892204E-06
   40.0000000      -2.53233998E-06
   40.0000000      -1.50784253E-05
   41.0000000       4.14383794E-05
   41.0000000       5.15065658E-05
   42.0000000       1.72157874E-04
   42.0000000       3.42059415E-04
   43.0000000      -1.69308678E-05
   43.0000000       4.71302163E-04
   44.0000000      -2.29646522E-03
   44.0000000      -2.53024790E-03
   45.0000000      -7.61556812E-03
   45.0000000      -1.12095010E-02
   46.0000000      -6.00349437E-03
   46.0000000      -1.80203263E-02
   47.0000000       3.91358137E-02
   47.0000000       2.01243740E-02
   48.0000000      0.189107388    
   48.0000000      0.176816285    
   49.0000000      0.466801792    
   49.0000000      0.478793770    
   50.0000000      0.783965886    
   50.0000000      0.812889397    
   51.0000000      0.984167635    
   51.0000000       1.00153923    
   52.0000000       1.03402889    
   52.0000000       1.03691876    
   53.0000000       1.01776505    
   53.0000000       1.01445079    
   54.0000000      0.998750985    
   54.0000000      0.997187197    
   55.0000000      0.996642292    
   55.0000000      0.996864319    
   56.0000000      0.999686897    
   56.0000000       1.00006211    
   57.0000000       1.00050449    
   57.0000000       1.00049531    
   58.0000000       1.00007129    
   58.0000000       1.00000870    
   59.0000000      0.999930561    
   59.0000000      0.999932528    
   60.0000000      0.999989510    
   60.0000000       1.00000012    
   61.0000000       1.00000560    
   61.0000000       1.00000477    
   62.0000000      0.999994993    
   62.0000000      0.999991417    
   63.0000000      0.999979973    
   63.0000000      0.999974012    
   64.0000000      0.999983311    
   64.0000000      0.999979854    
   65.0000000      0.999967813    
   65.0000000      0.999972701    
   66.0000000      0.999971032    
   66.0000000      0.999970675    
   67.0000000      0.999962807    
   67.0000000      0.999954879    
   68.0000000      0.999965191    
   68.0000000      0.999965549    
   69.0000000      0.999958038    
   69.0000000      0.999951005    
   70.0000000      0.999959946    
   70.0000000      0.999960482    
   71.0000000      0.999952853    
   71.0000000      0.999955177    
   72.0000000      0.999918699    
   72.0000000      0.999899507    
   73.0000000      0.999813020    
   73.0000000      0.999645174    
   74.0000000       1.00000179    
   74.0000000      0.999516666    
   75.0000000       1.00228763    
   75.0000000       1.00251842    
   76.0000000       1.00761044    
   76.0000000       1.01120472    
   77.0000000       1.00602257    
   77.0000000       1.01803291    
   78.0000000      0.960872173    
   78.0000000      0.979890645    
   79.0000000      0.810908973    
   79.0000000      0.823199391    
   80.0000000      0.533206701    
   80.0000000      0.521214843    
   81.0000000      0.216036946    
   81.0000000      0.187113553    
   82.0000000       1.58363376E-02
   82.0000000      -1.53942173E-03
   83.0000000      -3.40294093E-02
   83.0000000      -3.69192623E-02
   84.0000000      -1.77663267E-02
   84.0000000      -1.44562470E-02
   85.0000000       1.24425383E-03
   85.0000000       2.80780718E-03
   86.0000000       3.36167845E-03
   86.0000000       3.13656987E-03
   87.0000000       3.06937291E-04
   87.0000000      -6.80660014E-05
   88.0000000      -5.07615972E-04
   88.0000000      -5.00235183E-04
   89.0000000      -6.69960427E-05
   89.0000000      -1.95815289E-07
   90.0000000       7.68279933E-05
   90.0000000       7.34392743E-05
   91.0000000       5.08661287E-06
   91.0000000      -4.72130023E-06
   92.0000000      -1.12426760E-05
   92.0000000      -9.52762002E-06
   93.0000000       8.01776878E-07
   93.0000000       1.87056708E-06
   94.0000000       1.36736082E-06
   94.0000000       8.72505950E-07
   95.0000000      -3.43077033E-07
   95.0000000      -4.01182888E-07
   96.0000000      -8.76503634E-08
   96.0000000      -1.51610990E-08
   97.0000000       5.98171823E-08
   97.0000000       5.04604500E-08
   98.0000000      -5.37766143E-09
   98.0000000      -1.08689520E-08
   99.0000000      -5.40684608E-09
   99.0000000      -2.39564812E-09
   100.000000       2.03916128E-09
