   5.55555569E-03   0.00000000    
   1.66666675E-02   0.00000000    
   2.77777798E-02   0.00000000    
   3.88888903E-02   0.00000000    
   5.00000007E-02   0.00000000    
   6.11111149E-02   0.00000000    
   7.22222254E-02   0.00000000    
   8.33333358E-02   0.00000000    
   9.44444463E-02   3.50526570E-05
  0.105555557       4.04028047E-04
  0.116666667       2.33629392E-03
  0.127777785       9.04837530E-03
  0.138888896       2.64467970E-02
  0.150000006       6.23424873E-02
  0.161111116      0.123742990    
  0.172222227      0.213304669    
  0.183333337      0.327024370    
  0.194444448      0.454709709    
  0.205555558      0.583067060    
  0.216666669      0.699755669    
  0.227777779      0.796484351    
  0.238888890      0.870107710    
  0.250000000      0.921830475    
  0.261111140      0.955240369    
  0.272222221      0.973864257    
  0.283333361      0.978862226    
  0.294444442      0.967729688    
  0.305555582      0.934993029    
  0.316666663      0.875097215    
  0.327777803      0.786214411    
  0.338888884      0.672785282    
  0.350000024      0.545218289    
  0.361111104      0.416906834    
  0.372222245      0.300235271    
  0.383333325      0.203512669    
  0.394444436      0.129891291    
  0.405555546       7.81341344E-02
  0.416666687       4.43555564E-02
  0.427777767       2.37994436E-02
  0.438888907       1.20894397E-02
  0.449999988       5.82355727E-03
  0.461111128       2.66457978E-03
  0.472222209       1.15990825E-03
  0.483333319       4.81109222E-04
  0.494444430       1.90427294E-04
