   0.00000000       0.00000000    
   1.00000000       0.00000000    
   1.00000000       0.00000000    
   2.00000000       0.00000000    
   2.00000000       0.00000000    
   3.00000000       0.00000000    
   3.00000000       0.00000000    
   4.00000000       0.00000000    
   4.00000000       0.00000000    
   5.00000000       0.00000000    
   5.00000000       0.00000000    
   6.00000000       0.00000000    
   6.00000000       0.00000000    
   7.00000000       0.00000000    
   7.00000000       0.00000000    
   8.00000000       0.00000000    
   8.00000000       0.00000000    
   9.00000000       0.00000000    
   9.00000000       0.00000000    
   10.0000000       0.00000000    
   10.0000000       0.00000000    
   11.0000000       0.00000000    
   11.0000000       0.00000000    
   12.0000000       0.00000000    
   12.0000000       0.00000000    
   13.0000000       0.00000000    
   13.0000000       0.00000000    
   14.0000000       0.00000000    
   14.0000000       0.00000000    
   15.0000000       0.00000000    
   15.0000000       0.00000000    
   16.0000000       0.00000000    
   16.0000000       0.00000000    
   17.0000000       0.00000000    
   17.0000000       0.00000000    
   18.0000000       0.00000000    
   18.0000000       0.00000000    
   19.0000000       0.00000000    
   19.0000000      -1.16109617E-26
   20.0000000      -4.10720979E-28
   20.0000000       4.38661785E-25
   21.0000000      -9.94844123E-25
   21.0000000      -7.56803870E-23
   22.0000000       1.07088133E-22
   22.0000000       1.51962903E-21
   23.0000000       3.18362027E-21
   23.0000000       8.54408490E-20
   24.0000000      -1.90890344E-19
   24.0000000      -2.03818461E-18
   25.0000000      -4.36392574E-19
   25.0000000      -1.88771748E-17
   26.0000000       7.84387979E-17
   26.0000000       6.41644716E-16
   27.0000000      -2.31623065E-16
   27.0000000       1.05289414E-15
   28.0000000      -1.38911447E-14
   28.0000000      -9.21341657E-14
   29.0000000       6.26941329E-14
   29.0000000       7.14601447E-14
   30.0000000       1.38611518E-12
   30.0000000       7.63441133E-12
   31.0000000      -6.48660899E-12
   31.0000000      -1.12090372E-11
   32.0000000      -9.05924294E-11
   32.0000000      -4.14157986E-10
   33.0000000       3.55578789E-10
   33.0000000       5.22381638E-10
   34.0000000       4.21827417E-09
   34.0000000       1.57557167E-08
   35.0000000      -1.06663380E-08
   35.0000000      -7.79133291E-09
   36.0000000      -1.43101147E-07
   36.0000000      -4.28180414E-07
   37.0000000       1.22226481E-07
   37.0000000      -2.55690253E-07
   38.0000000       3.41759983E-06
   38.0000000       8.02566319E-06
   39.0000000       2.84866542E-06
   39.0000000       1.52813063E-05
   40.0000000      -5.20028989E-05
   40.0000000      -9.17616344E-05
   41.0000000      -1.36402785E-04
   41.0000000      -3.41293024E-04
   42.0000000       3.68832058E-04
   42.0000000       3.65387910E-04
   43.0000000       2.21459055E-03
   43.0000000       3.82124190E-03
   44.0000000       1.54726359E-03
   44.0000000       4.78111813E-03
   45.0000000      -1.36893559E-02
   45.0000000      -1.58255063E-02
   46.0000000      -4.33309749E-02
   46.0000000      -6.22699149E-02
   47.0000000      -3.02797947E-02
   47.0000000      -6.29322380E-02
   48.0000000      0.131440505    
   48.0000000      0.112848692    
   49.0000000      0.474094778    
   49.0000000      0.492640108    
   50.0000000      0.853321195    
   50.0000000      0.892016053    
   51.0000000       1.06490588    
   51.0000000       1.08652413    
   52.0000000       1.06994402    
   52.0000000       1.06593502    
   53.0000000       1.00545299    
   53.0000000      0.996781468    
   54.0000000      0.983872414    
   54.0000000      0.983354449    
   55.0000000      0.996881485    
   55.0000000      0.999227285    
   56.0000000       1.00344956    
   56.0000000       1.00359941    
   57.0000000       1.00051439    
   57.0000000      0.999943972    
   58.0000000      0.999232531    
   58.0000000      0.999271929    
   59.0000000      0.999997258    
   59.0000000       1.00011015    
   60.0000000       1.00013351    
   60.0000000       1.00010180    
   61.0000000      0.999959528    
   61.0000000      0.999944568    
   62.0000000      0.999982178    
   62.0000000      0.999989152    
   63.0000000       1.00001359    
   63.0000000       1.00000656    
   64.0000000       1.00003088    
   64.0000000       1.00003171    
   65.0000000       1.00003624    
   65.0000000       1.00004268    
   66.0000000       1.00005388    
   66.0000000       1.00005221    
   67.0000000       1.00005579    
   67.0000000       1.00004506    
   68.0000000       1.00006342    
   68.0000000       1.00006175    
   69.0000000       1.00006580    
   69.0000000       1.00005150    
   70.0000000       1.00007212    
   70.0000000       1.00006092    
   71.0000000       1.00011122    
   71.0000000       1.00013685    
   72.0000000       1.00017512    
   72.0000000       1.00037348    
   73.0000000      0.999666512    
   73.0000000      0.999672174    
   74.0000000      0.997795343    
   74.0000000      0.996189654    
   75.0000000      0.998456359    
   75.0000000      0.995217025    
   76.0000000       1.01368773    
   76.0000000       1.01582325    
   77.0000000       1.04335749    
   77.0000000       1.06229341    
   78.0000000       1.03029740    
   78.0000000       1.06295824    
   79.0000000      0.868585110    
   79.0000000      0.887178242    
   80.0000000      0.525914907    
   80.0000000      0.507367015    
   81.0000000      0.146671221    
   81.0000000      0.107975006    
   82.0000000      -6.49142563E-02
   82.0000000      -8.65358189E-02
   83.0000000      -6.99595511E-02
   83.0000000      -6.59524351E-02
   84.0000000      -5.46885561E-03
   84.0000000       3.20145255E-03
   85.0000000       1.61056332E-02
   85.0000000       1.66193172E-02
   86.0000000       3.10851494E-03
   86.0000000       7.59854855E-04
   87.0000000      -3.47056938E-03
   87.0000000      -3.61799472E-03
   88.0000000      -5.31485071E-04
   88.0000000       3.79309640E-05
   89.0000000       7.51624815E-04
   89.0000000       7.13605667E-04
   90.0000000      -8.03262537E-06
   90.0000000      -1.21972291E-04
   91.0000000      -1.37900875E-04
   91.0000000      -1.05173407E-04
   92.0000000       3.33624412E-05
   92.0000000       4.67678292E-05
   93.0000000       1.48251165E-05
   93.0000000       4.91749734E-06
   94.0000000      -9.92203422E-06
   94.0000000      -9.10884501E-06
   95.0000000       8.27282861E-07
   95.0000000       2.22197446E-06
   96.0000000       1.25185579E-06
   96.0000000       6.06668038E-07
   97.0000000      -5.83788676E-07
   97.0000000      -5.53278426E-07
   98.0000000       4.26321449E-08
   98.0000000       1.28350152E-07
   99.0000000       6.54701608E-08
   99.0000000       2.50167318E-08
   100.000000      -3.31145813E-08
