   0.00000000       0.00000000    
   1.00000000       0.00000000    
   1.00000000       0.00000000    
   2.00000000       0.00000000    
   2.00000000       0.00000000    
   3.00000000       0.00000000    
   3.00000000       0.00000000    
   4.00000000       0.00000000    
   4.00000000       0.00000000    
   5.00000000       0.00000000    
   5.00000000       0.00000000    
   6.00000000       0.00000000    
   6.00000000       0.00000000    
   7.00000000       0.00000000    
   7.00000000       0.00000000    
   8.00000000       0.00000000    
   8.00000000       0.00000000    
   9.00000000       0.00000000    
   9.00000000       0.00000000    
   10.0000000       0.00000000    
   10.0000000       0.00000000    
   11.0000000       0.00000000    
   11.0000000       0.00000000    
   12.0000000       0.00000000    
   12.0000000       0.00000000    
   13.0000000       0.00000000    
   13.0000000       0.00000000    
   14.0000000       0.00000000    
   14.0000000       0.00000000    
   15.0000000       0.00000000    
   15.0000000       0.00000000    
   16.0000000       0.00000000    
   16.0000000       0.00000000    
   17.0000000       0.00000000    
   17.0000000       0.00000000    
   18.0000000       0.00000000    
   18.0000000       0.00000000    
   19.0000000       0.00000000    
   19.0000000     -0.172902584    
   20.0000000      0.396176219    
   20.0000000      0.582161546    
   21.0000000       1.11717200    
   21.0000000       1.10975099    
   22.0000000      0.983413756    
   22.0000000      0.978887379    
   23.0000000       1.00248992    
   23.0000000       1.00383484    
   24.0000000      0.999507666    
   24.0000000      0.999315202    
   25.0000000       1.00011420    
   25.0000000       1.00011349    
   26.0000000      0.999973834    
   26.0000000      0.999978721    
   27.0000000       1.00000429    
   27.0000000       1.00000584    
   28.0000000       1.00000131    
   28.0000000       1.00000000    
   29.0000000       1.00000000    
   29.0000000       1.00000000    
   30.0000000       1.00000000    
   30.0000000       1.00000000    
   31.0000000       1.00000000    
   31.0000000       1.00000000    
   32.0000000       1.00000000    
   32.0000000       1.00000000    
   33.0000000       1.00000000    
   33.0000000       1.00000000    
   34.0000000       1.00000000    
   34.0000000       1.00000024    
   35.0000000      0.999998510    
   35.0000000       1.00000000    
   36.0000000       1.00000000    
   36.0000000       1.00000000    
   37.0000000       1.00000000    
   37.0000000       1.00000000    
   38.0000000       1.00000000    
   38.0000000      0.999999821    
   39.0000000       1.00000024    
   39.0000000       1.00000000    
   40.0000000       1.00000000    
   40.0000000       1.00000000    
   41.0000000       1.00000000    
   41.0000000      0.999997735    
   42.0000000       1.00000429    
   42.0000000      0.999999523    
   43.0000000       1.00000012    
   43.0000000       1.00000000    
   44.0000000       1.00000000    
   44.0000000      0.999999642    
   45.0000000       1.00000012    
   45.0000000      0.999999404    
   46.0000000       1.00000131    
   46.0000000       1.00000000    
   47.0000000       1.00000000    
   47.0000000       1.00000000    
   48.0000000       1.00000000    
   48.0000000       1.00000000    
   49.0000000       1.00000000    
   49.0000000       1.00000000    
   50.0000000       1.00000000    
   50.0000000       1.17290187    
   51.0000000      0.603825510    
   51.0000000      0.417839050    
   52.0000000     -0.117172316    
   52.0000000     -0.109750994    
   53.0000000       1.65856890E-02
   53.0000000       2.11128183E-02
   54.0000000      -2.48904899E-03
   54.0000000      -3.83486575E-03
   55.0000000       4.91401646E-04
   55.0000000       6.85897656E-04
   56.0000000      -1.14511138E-04
   56.0000000      -1.18640877E-04
   57.0000000       2.57995271E-05
   57.0000000       1.92572406E-05
   58.0000000      -5.16300270E-06
   58.0000000      -2.86258023E-06
   59.0000000       9.01356259E-07
   59.0000000       3.82749391E-07
   60.0000000      -1.37243575E-07
   60.0000000      -4.52337048E-08
   61.0000000       1.82295388E-08
   61.0000000       4.59849225E-09
   62.0000000      -2.09866391E-09
   62.0000000      -3.77806453E-10
   63.0000000       2.04885525E-10
   63.0000000       1.99864136E-11
   64.0000000      -1.59094942E-11
   64.0000000       5.25195989E-13
   65.0000000       7.56218330E-13
   65.0000000      -3.34404894E-13
   66.0000000       3.08925621E-14
   66.0000000       5.91311193E-14
   67.0000000      -1.38912251E-14
   67.0000000      -7.76562940E-15
   68.0000000       2.27218706E-15
   68.0000000       8.64525660E-16
   69.0000000      -2.81417776E-16
   69.0000000      -8.54928552E-17
   70.0000000       2.97181278E-17
   70.0000000       7.68233075E-18
   71.0000000      -2.79533880E-18
   71.0000000      -6.35565671E-19
   72.0000000       2.39323953E-19
   72.0000000       4.88241095E-20
   73.0000000      -1.88877856E-20
   73.0000000      -3.50354893E-21
   74.0000000       1.38551581E-21
   74.0000000       2.35897027E-22
   75.0000000      -9.50206563E-23
   75.0000000      -1.49548559E-23
   76.0000000       6.11922126E-24
   76.0000000       8.95163561E-25
   77.0000000      -3.71298191E-25
   77.0000000      -5.07095228E-26
   78.0000000       2.12858646E-26
   78.0000000       2.72388721E-27
   79.0000000      -1.15553457E-27
   79.0000000      -1.38972421E-28
   80.0000000       5.95151353E-29
   80.0000000       6.74428768E-30
   81.0000000      -2.91294083E-30
   81.0000000      -3.11719120E-31
   82.0000000       1.35678168E-31
   82.0000000       1.37372296E-32
   83.0000000      -6.02141949E-33
   83.0000000      -5.77792896E-34
   84.0000000       2.54899521E-34
   84.0000000       2.32149516E-35
   85.0000000      -1.03023757E-35
   85.0000000      -8.91722937E-37
   86.0000000       3.97900963E-37
   86.0000000       3.27689330E-38
   87.0000000      -1.46963741E-38
   87.0000000      -1.15280481E-39
   88.0000000       5.19434716E-40
   88.0000000       3.88439934E-41
   89.0000000      -1.75834931E-41
   89.0000000      -1.26677381E-42
   90.0000000       5.88545355E-43
   90.0000000       2.24207754E-44
   91.0000000      -1.12103877E-44
   91.0000000       0.00000000    
   92.0000000       0.00000000    
   92.0000000       0.00000000    
   93.0000000       0.00000000    
   93.0000000       0.00000000    
   94.0000000       0.00000000    
   94.0000000       0.00000000    
   95.0000000       0.00000000    
   95.0000000       0.00000000    
   96.0000000       0.00000000    
   96.0000000       0.00000000    
   97.0000000       0.00000000    
   97.0000000       0.00000000    
   98.0000000       0.00000000    
   98.0000000       0.00000000    
   99.0000000       0.00000000    
   99.0000000       0.00000000    
   100.000000       0.00000000    
