   5.55555569E-03   0.00000000    
   1.66666675E-02   0.00000000    
   2.77777798E-02   0.00000000    
   3.88888903E-02   0.00000000    
   5.00000007E-02   0.00000000    
   6.11111149E-02   0.00000000    
   7.22222254E-02   0.00000000    
   8.33333358E-02   0.00000000    
   9.44444463E-02  0.949999988    
  0.105555557       1.00000000    
  0.116666667       1.00000000    
  0.127777785       1.00000000    
  0.138888896       1.00000000    
  0.150000006       1.00000000    
  0.161111116       1.00000000    
  0.172222227       1.00000000    
  0.183333337       1.00000000    
  0.194444448       1.00000000    
  0.205555558       1.00000000    
  0.216666669       1.00000000    
  0.227777779       1.00000000    
  0.238888890       1.00000000    
  0.250000000       5.00000007E-02
  0.261111140       0.00000000    
  0.272222221       0.00000000    
  0.283333361       0.00000000    
  0.294444442       0.00000000    
  0.305555582       0.00000000    
  0.316666663       0.00000000    
  0.327777803       0.00000000    
  0.338888884       0.00000000    
  0.350000024       0.00000000    
  0.361111104       0.00000000    
  0.372222245       0.00000000    
  0.383333325       0.00000000    
  0.394444436       0.00000000    
  0.405555546       0.00000000    
  0.416666687       0.00000000    
  0.427777767       0.00000000    
  0.438888907       0.00000000    
  0.449999988       0.00000000    
  0.461111128       0.00000000    
  0.472222209       0.00000000    
  0.483333319       0.00000000    
  0.494444430       0.00000000    
